x<-1+1
x<-2+2
a<-10
x<-9
y<-999
x<-567

XRR = 100