x <- 1+1

y <- 2+2

t <- 2+1