x <- 1+1

y <- 2+2

L <- 10